	0 0 0
20	89 0 1;0 1 0
090a0d20	89 0 4;0 4 0
2f2f206c696e6520636f6d6d656e740a78	90 0 15;89 15 1;42 16 1;0 17 0
2f2a20626c6f636b202a2f2079	91 0 11;89 11 1;42 12 1;0 13 0
2f2a20756e7465726d696e61746564	0 0 0
2376657273696f6e203330302065730a666c6f6174	43 0 8;89 8 1;2 9 3;89 12 1;42 13 2;89 15 1;42 16 5;0 21 0
23646566696e6520582031	43 0 7;89 7 1;42 8 1;89 9 1;2 10 1;0 11 0
23	92 0 1;0 1 0
31	2 0 1;0 1 0
312e	1 0 2;0 2 0
2e35	1 0 2;0 2 0
312e3566	1 0 3;42 3 1;0 4 0
312e3568	1 0 3;42 3 1;0 4 0
316535	1 0 3;0 3 0
31652b35	1 0 4;0 4 0
312e30452d33	1 0 6;0 6 0
3165	0 0 0
30783146	2 0 4;0 4 0
30583166	2 0 4;0 4 0
3078	0 0 0
303130	2 0 3;0 3 0
3038	3 0 2;0 2 0
30	2 0 1;0 1 0
3030	2 0 2;0 2 0
3075	2 0 2;0 2 0
31323375	2 0 4;0 4 0
3175	2 0 2;0 2 0
3078464675	2 0 5;0 5 0
34323934393637323936	2 0 10;0 10 0
312e352e35	1 0 3;1 3 2;0 5 0
3165356535	1 0 3;42 3 2;0 5 0
5f616263	42 0 4;0 4 0
616263313233	42 0 6;0 6 0
2470726976	41 0 5;0 5 0
24	41 0 1;0 1 0
40	92 0 1;0 1 0
60	92 0 1;0 1 0
01	92 0 1;0 1 0
7f	92 0 1;0 1 0
80ff	92 0 1;92 1 1;0 2 0
618062	42 0 1;92 1 1;42 2 1;0 3 0
3f	69 0 1;0 1 0
3a	70 0 1;0 1 0
3b	88 0 1;0 1 0
28	44 0 1;0 1 0
29	45 0 1;0 1 0
7b	46 0 1;0 1 0
7d	47 0 1;0 1 0
5b	48 0 1;0 1 0
5d	49 0 1;0 1 0
2e	50 0 1;0 1 0
2c	51 0 1;0 1 0
2b2b	52 0 2;0 2 0
2d2d	53 0 2;0 2 0
2b	54 0 1;0 1 0
2d	55 0 1;0 1 0
2a	56 0 1;0 1 0
2f	57 0 1;0 1 0
25	58 0 1;0 1 0
3c3c	59 0 2;0 2 0
3e3e	60 0 2;0 2 0
7c	61 0 1;0 1 0
5e	62 0 1;0 1 0
26	63 0 1;0 1 0
7e	64 0 1;0 1 0
7c7c	65 0 2;0 2 0
5e5e	66 0 2;0 2 0
2626	67 0 2;0 2 0
21	68 0 1;0 1 0
3d	71 0 1;0 1 0
3d3d	72 0 2;0 2 0
213d	73 0 2;0 2 0
3e	74 0 1;0 1 0
3c	75 0 1;0 1 0
3e3d	76 0 2;0 2 0
3c3d	77 0 2;0 2 0
2b3d	78 0 2;0 2 0
2d3d	79 0 2;0 2 0
2a3d	80 0 2;0 2 0
2f3d	81 0 2;0 2 0
253d	82 0 2;0 2 0
3c3c3d	83 0 3;0 3 0
3e3e3d	84 0 3;0 3 0
7c3d	85 0 2;0 2 0
5e3d	86 0 2;0 2 0
263d	87 0 2;0 2 0
612e62	42 0 1;50 1 1;42 2 1;0 3 0
612d3e62	42 0 1;55 1 1;74 2 1;42 3 1;0 4 0
782b2b3b	42 0 1;52 1 2;88 3 1;0 4 0
6966	6 0 2;0 2 0
656c7365	7 0 4;0 4 0
666f72	8 0 3;0 3 0
7768696c65	9 0 5;0 5 0
646f	10 0 2;0 2 0
737769746368	11 0 6;0 6 0
63617365	12 0 4;0 4 0
64656661756c74	13 0 7;0 7 0
627265616b	14 0 5;0 5 0
636f6e74696e7565	15 0 8;0 8 0
64697363617264	16 0 7;0 7 0
72657475726e	17 0 6;0 6 0
696e	18 0 2;0 2 0
6f7574	19 0 3;0 3 0
696e6f7574	20 0 5;0 5 0
756e69666f726d	21 0 7;0 7 0
636f6e7374	22 0 5;0 5 0
666c6174	23 0 4;0 4 0
6e6f7065727370656374697665	24 0 13;0 13 0
696e6c696e65	25 0 6;0 6 0
6e6f696e6c696e65	26 0 8;0 8 0
70757265	42 0 4;0 4 0
726561646f6e6c79	28 0 8;0 8 0
77726974656f6e6c79	29 0 9;0 9 0
627566666572	30 0 6;0 6 0
737472756374	31 0 6;0 6 0
6c61796f7574	32 0 6;0 6 0
6869676870	33 0 5;0 5 0
6d656469756d70	34 0 7;0 7 0
6c6f7770	35 0 4;0 4 0
657333	42 0 3;0 3 0
6578706f7274	42 0 6;0 6 0
776f726b67726f7570	38 0 9;0 9 0
706978656c6c6f63616c	42 0 10;0 10 0
74727565	4 0 4;0 4 0
66616c7365	5 0 5;0 5 0
7472756578	42 0 5;0 5 0
69666679	42 0 4;0 4 0
696e5f	42 0 3;0 3 0
72657365727665645f776f7264	42 0 13;0 13 0
73616d706c65723244	42 0 9;0 9 0
666c6f6174347834	42 0 8;0 8 0
2f2a2a2f	91 0 4;0 4 0
2f2a2a2a2f	0 0 0
2f2f	90 0 2;0 2 0
612f2f620a63	42 0 1;90 1 3;89 4 1;42 5 1;0 6 0
312f2a782a2f32	2 0 1;91 1 5;2 6 1;0 7 0
302e3066	1 0 3;42 3 1;0 4 0
30302e35	1 0 4;0 4 0
3078312e35	2 0 3;1 3 2;0 5 0
312e6532	1 0 4;0 4 0
332e66	1 0 2;42 2 1;0 3 0
2271756f74656422	92 0 1;42 1 6;92 7 1;0 8 0
23707261676d612073657474696e6773204e6f4f7074696d697a65	43 0 7;89 7 1;42 8 8;89 16 1;42 17 10;0 27 0
5c	92 0 1;0 1 0
615c62	42 0 1;92 1 1;42 2 1;0 3 0
0a0a0a	89 0 3;0 3 0
25	58 0 1;0 1 0
2525	58 0 1;58 1 1;0 2 0
274b6b3d6164733448452a3f41	92 0 1;42 1 2;71 3 1;42 4 6;56 10 1;69 11 1;42 12 1;0 13 0
61	42 0 1;0 1 0
80580d63253768545b753d436130	92 0 1;42 1 1;89 2 1;42 3 1;58 4 1;2 5 1;42 6 2;48 8 1;42 9 1;71 10 1;42 11 3;0 14 0
642e324d252a25753e554674466d47756a485e	42 0 1;1 1 2;42 3 1;58 4 1;56 5 1;58 6 1;42 7 1;74 8 1;42 9 9;62 18 1;0 19 0
326f2e453630	2 0 1;42 1 1;50 2 1;42 3 3;0 6 0
447d63092c622d5a0a457841633639617c46486c	42 0 1;47 1 1;42 2 1;89 3 1;51 4 1;42 5 1;55 6 1;42 7 1;89 8 1;42 9 7;61 16 1;42 17 3;0 20 0
246c64375f683e3641315f645e2e3f32446d4e733d2e4158	41 0 6;74 6 1;2 7 1;42 8 4;62 12 1;50 13 1;69 14 1;2 15 1;42 16 4;71 20 1;50 21 1;42 22 2;0 24 0
47306542433049	42 0 7;0 7 0
ff2c2d2d244f442565753c63356650013d382d654344337c	92 0 1;51 1 1;53 2 2;41 4 3;58 7 1;42 8 2;75 10 1;42 11 4;92 15 1;71 16 1;2 17 1;55 18 1;42 19 4;61 23 1;0 24 0
43	42 0 1;0 1 0
266642355a55525848350a75686646633e455a2c	63 0 1;42 1 9;89 10 1;42 11 5;74 16 1;42 17 2;51 19 1;0 20 0
25354263662b3d65787d5368342b417965612b51585f	58 0 1;2 1 1;42 2 3;78 5 2;42 7 2;47 9 1;42 10 3;54 13 1;42 14 4;54 18 1;42 19 3;0 22 0
7e2e2d630125093c3e6761636663	64 0 1;50 1 1;55 2 1;42 3 1;92 4 1;58 5 1;89 6 1;75 7 1;74 8 1;42 9 5;0 14 0
27216a512458372d38663a3046452e27432f626b3a33	92 0 1;68 1 1;42 2 2;41 4 3;55 7 1;2 8 1;42 9 1;70 10 1;2 11 1;42 12 2;50 14 1;92 15 1;42 16 1;57 17 1;42 18 2;70 20 1;2 21 1;0 22 0
384851516b3d68345562613e25636933323d	2 0 1;42 1 4;71 5 1;42 6 5;74 11 1;58 12 1;42 13 4;71 17 1;0 18 0
66697364422d5f684525	42 0 5;55 5 1;42 6 3;58 9 1;0 10 0
3658	2 0 1;42 1 1;0 2 0
	0 0 0
6839254625306c62	42 0 2;58 2 1;42 3 1;58 4 1;2 5 1;42 6 2;0 8 0
54574e2a58	42 0 3;56 3 1;42 4 1;0 5 0
	0 0 0
3e66	74 0 1;42 1 1;0 2 0
662d64584873355c2f3c2d21667c3c32456e4d382e	42 0 1;55 1 1;42 2 5;92 7 1;57 8 1;75 9 1;55 10 1;68 11 1;42 12 1;61 13 1;75 14 1;255 15 2;42 17 3;50 20 1;0 21 0
	0 0 0
233775454a785f63336248375f302658	92 0 1;2 1 2;42 3 11;63 14 1;42 15 1;0 16 0
2b47554426	54 0 1;42 1 3;63 4 1;0 5 0
5c6b365c454846302b5e4b36	92 0 1;42 1 2;92 3 1;42 4 4;54 8 1;62 9 1;42 10 2;0 12 0
ff3c36682b52462a3848	92 0 1;75 1 1;2 2 1;42 3 1;54 4 1;42 5 2;56 7 1;2 8 1;42 9 1;0 10 0
61663241463e39	42 0 5;74 5 1;2 6 1;0 7 0
392d33583c4321373c2b5f6d593548014543664648	2 0 1;55 1 1;2 2 1;42 3 1;75 4 1;42 5 1;68 6 1;2 7 1;75 8 1;54 9 1;42 10 5;92 15 1;42 16 5;0 21 0
4c35757434383141652f786873343c756365413978	42 0 9;57 9 1;42 10 4;75 14 1;42 15 6;0 21 0
5c29784f4463580d453632786647372d4f556648	92 0 1;45 1 1;42 2 5;89 7 1;42 8 7;55 15 1;42 16 4;0 20 0
3d46257c4566	71 0 1;42 1 1;58 2 1;61 3 1;42 4 2;0 6 0
0945263e7c7d2538707c305f663425	89 0 1;42 1 1;63 2 1;74 3 1;61 4 1;47 5 1;58 6 1;2 7 1;42 8 1;61 9 1;2 10 1;42 11 3;58 14 1;0 15 0
245f322f3c7d715536	41 0 3;57 3 1;75 4 1;47 5 1;42 6 3;0 9 0
782a623343686e464543755a653171387a	42 0 1;56 1 1;42 2 15;0 17 0
58323168327b34	42 0 5;46 5 1;2 6 1;0 7 0
575f627845462e36	42 0 6;1 6 2;0 8 0
2e363d66755845784555	1 0 2;71 2 1;42 3 7;0 10 0
255e655834392b	58 0 1;62 1 1;42 2 4;54 6 1;0 7 0
48792f753030722346662f21754f7a496122323666254d64	42 0 2;57 2 1;42 3 4;43 7 3;57 10 1;68 11 1;42 12 5;92 17 1;2 18 2;42 20 1;58 21 1;42 22 2;0 24 0
4375405926	42 0 2;92 2 1;42 3 1;63 4 1;0 5 0
783861612a640a443121373965362d33396333653164	42 0 4;56 4 1;42 5 1;89 6 1;42 7 2;68 9 1;1 10 4;55 14 1;2 15 2;42 17 5;0 22 0
25315b283541	58 0 1;2 1 1;48 2 1;44 3 1;2 4 1;42 5 1;0 6 0
8026352f38743f6b784648553b635c7c7c2a6364703731	92 0 1;63 1 1;2 2 1;57 3 1;2 4 1;42 5 1;69 6 1;42 7 5;88 12 1;42 13 1;92 14 1;65 15 2;56 17 1;42 18 5;0 23 0
5e4a715f2d332650257e7b6242444534452a4f425558345e	62 0 1;42 1 3;55 4 1;2 5 1;63 6 1;42 7 1;58 8 1;64 9 1;46 10 1;42 11 6;56 17 1;42 18 5;62 23 1;0 24 0
5c6332372b42366525796666	92 0 1;42 1 3;54 4 1;42 5 3;58 8 1;42 9 3;0 12 0
7535582430687e7948294548	42 0 3;41 3 3;64 6 1;42 7 2;45 9 1;42 10 2;0 12 0
ff45354566235b466668432f626042424d306966	92 0 1;42 1 4;92 5 1;48 6 1;42 7 4;57 11 1;42 12 1;92 13 1;42 14 6;0 20 0
2e73612e57365327382e224757622e38	50 0 1;42 1 2;50 3 1;42 4 3;92 7 1;1 8 2;92 10 1;42 11 3;1 14 2;0 16 0
243436634563623626	41 0 8;63 8 1;0 9 0
387141695e763e3c2d332b6c2e2961672e7a6653	2 0 1;42 1 3;62 4 1;42 5 1;74 6 1;75 7 1;55 8 1;2 9 1;54 10 1;42 11 1;50 12 1;45 13 1;42 14 2;50 16 1;42 17 3;0 20 0
48652a44692f382c2f5f7848302d436166	42 0 2;56 2 1;42 3 2;57 5 1;2 6 1;51 7 1;57 8 1;42 9 4;55 13 1;42 14 3;0 17 0
33426e257935753178	2 0 1;42 1 2;58 3 1;42 4 5;0 9 0
4663423a582d424655304639	42 0 3;70 3 1;42 4 1;55 5 1;42 6 6;0 12 0
66255e61646462	42 0 1;58 1 1;62 2 1;42 3 4;0 7 0
463637552e5a2b2e335e2f6345	42 0 4;50 4 1;42 5 1;54 6 1;1 7 2;62 9 1;57 10 1;42 11 2;0 13 0
3e37233448	74 0 1;2 1 1;92 2 1;2 3 1;42 4 1;0 5 0
35757532786532482b32353043635f43675945	2 0 2;42 2 6;54 8 1;2 9 3;42 12 7;0 19 0
55265e53	42 0 1;63 1 1;62 2 1;42 3 1;0 4 0
4264212d3464243346	42 0 2;68 2 1;55 3 1;2 4 1;42 5 1;41 6 3;0 9 0
7530587c51452e457542615f345a54446446	42 0 3;61 3 1;42 4 2;50 6 1;42 7 11;0 18 0
75214546685e304432	42 0 1;68 1 1;42 2 3;62 5 1;2 6 1;42 7 2;0 9 0
7d3f552b262b5e	47 0 1;69 1 1;42 2 1;54 3 1;63 4 1;54 5 1;62 6 1;0 7 0
463541306275ff664475374121257145582d3362655f343d	42 0 6;92 6 1;42 7 5;68 12 1;58 13 1;42 14 3;55 17 1;2 18 1;42 19 4;71 23 1;0 24 0
38664541755e2a4a68426f76646832386645703025655363	2 0 1;42 1 4;62 5 1;56 6 1;42 7 13;58 20 1;42 21 3;0 24 0
4542252d543842653c6f62455e662430622b590943346532	42 0 2;58 2 1;55 3 1;42 4 4;75 8 1;42 9 3;62 12 1;42 13 1;41 14 3;54 17 1;42 18 1;89 19 1;42 20 4;0 24 0
5a26247c56	42 0 1;63 1 1;41 2 1;61 3 1;42 4 1;0 5 0
73634575472025410a25214322	42 0 5;89 5 1;58 6 1;42 7 1;89 8 1;58 9 1;68 10 1;42 11 1;92 12 1;0 13 0
ff77553233376539305f327a5c25385f3c427c64	92 0 1;42 1 11;92 12 1;58 13 1;2 14 1;42 15 1;75 16 1;42 17 1;61 18 1;42 19 1;0 20 0
29466350363b665b4665	45 0 1;42 1 4;88 5 1;42 6 1;48 7 1;42 8 2;0 10 0
3355383552404b09623074303125553238385c326551243c	2 0 2;2 2 2;42 4 1;92 5 1;42 6 1;89 7 1;42 8 5;58 13 1;42 14 4;92 18 1;255 19 2;42 21 1;41 22 1;75 23 1;0 24 0
7a4460336e34533031	42 0 2;92 2 1;2 3 1;42 4 5;0 9 0
435c2e6333	42 0 1;92 1 1;50 2 1;42 3 2;0 5 0
4c2a5e3e64463433312b303341414d6637453509	42 0 1;56 1 1;62 2 1;74 3 1;42 4 5;54 9 1;2 10 2;42 12 7;89 19 1;0 20 0
