gradient_37x23 37 23 0 0 0 158 9c4268dc7b6c9dad
gradient_37x23 37 23 0 0 50 158 e1cba68e48ea89b8
gradient_37x23 37 23 0 0 100 154 2b0f88c9def1d9cb
gradient_37x23 37 23 0 1 0 158 9c4268dc7b6c9dad
gradient_37x23 37 23 0 1 50 158 e1cba68e48ea89b8
gradient_37x23 37 23 0 1 100 154 2b0f88c9def1d9cb
gradient_37x23 37 23 1 0 0 56 4a2ecf951187b896
gradient_37x23 37 23 1 0 50 56 4a2ecf951187b896
gradient_37x23 37 23 1 0 100 56 4a2ecf951187b896
gradient_37x23 37 23 1 1 0 56 4a2ecf951187b896
gradient_37x23 37 23 1 1 50 56 4a2ecf951187b896
gradient_37x23 37 23 1 1 100 56 4a2ecf951187b896
gradient_37x23 37 23 2 0 0 56 e307f0533af1db2e
gradient_37x23 37 23 2 0 50 56 e307f0533af1db2e
gradient_37x23 37 23 2 0 100 56 e307f0533af1db2e
gradient_37x23 37 23 2 1 0 56 e307f0533af1db2e
gradient_37x23 37 23 2 1 50 56 e307f0533af1db2e
gradient_37x23 37 23 2 1 100 56 e307f0533af1db2e
gradient_37x23 37 23 3 0 0 72 1902c85e52c37f40
gradient_37x23 37 23 3 0 50 72 1902c85e52c37f40
gradient_37x23 37 23 3 0 100 72 1902c85e52c37f40
gradient_37x23 37 23 3 1 0 72 1902c85e52c37f40
gradient_37x23 37 23 3 1 50 72 1902c85e52c37f40
gradient_37x23 37 23 3 1 100 72 1902c85e52c37f40
gradient_37x23 37 23 4 0 0 66 129f0e13cf8884a8
gradient_37x23 37 23 4 0 50 66 129f0e13cf8884a8
gradient_37x23 37 23 4 0 100 66 129f0e13cf8884a8
gradient_37x23 37 23 4 1 0 66 129f0e13cf8884a8
gradient_37x23 37 23 4 1 50 66 129f0e13cf8884a8
gradient_37x23 37 23 4 1 100 66 129f0e13cf8884a8
solid_64x64 64 64 0 0 0 36 ebb691d8f16d8f82
solid_64x64 64 64 0 0 50 36 ebb691d8f16d8f82
solid_64x64 64 64 0 0 100 36 ebb691d8f16d8f82
solid_64x64 64 64 0 1 0 36 ebb691d8f16d8f82
solid_64x64 64 64 0 1 50 36 ebb691d8f16d8f82
solid_64x64 64 64 0 1 100 36 ebb691d8f16d8f82
solid_64x64 64 64 1 0 0 42 aca851a6a4a9cb3f
solid_64x64 64 64 1 0 50 42 aca851a6a4a9cb3f
solid_64x64 64 64 1 0 100 42 aca851a6a4a9cb3f
solid_64x64 64 64 1 1 0 42 aca851a6a4a9cb3f
solid_64x64 64 64 1 1 50 42 aca851a6a4a9cb3f
solid_64x64 64 64 1 1 100 42 aca851a6a4a9cb3f
solid_64x64 64 64 2 0 0 42 aca851a6a4a9cb3f
solid_64x64 64 64 2 0 50 42 aca851a6a4a9cb3f
solid_64x64 64 64 2 0 100 42 aca851a6a4a9cb3f
solid_64x64 64 64 2 1 0 42 aca851a6a4a9cb3f
solid_64x64 64 64 2 1 50 42 aca851a6a4a9cb3f
solid_64x64 64 64 2 1 100 42 aca851a6a4a9cb3f
solid_64x64 64 64 3 0 0 42 aca851a6a4a9cb3f
solid_64x64 64 64 3 0 50 42 aca851a6a4a9cb3f
solid_64x64 64 64 3 0 100 42 aca851a6a4a9cb3f
solid_64x64 64 64 3 1 0 42 aca851a6a4a9cb3f
solid_64x64 64 64 3 1 50 42 aca851a6a4a9cb3f
solid_64x64 64 64 3 1 100 42 aca851a6a4a9cb3f
solid_64x64 64 64 4 0 0 42 aca851a6a4a9cb3f
solid_64x64 64 64 4 0 50 42 aca851a6a4a9cb3f
solid_64x64 64 64 4 0 100 42 aca851a6a4a9cb3f
solid_64x64 64 64 4 1 0 42 aca851a6a4a9cb3f
solid_64x64 64 64 4 1 50 42 aca851a6a4a9cb3f
solid_64x64 64 64 4 1 100 42 aca851a6a4a9cb3f
five_colours_50x40 50 40 0 0 0 122 94ead1e4352d9ae8
five_colours_50x40 50 40 0 0 50 124 f3014dac10b67171
five_colours_50x40 50 40 0 0 100 124 f3014dac10b67171
five_colours_50x40 50 40 0 1 0 122 94ead1e4352d9ae8
five_colours_50x40 50 40 0 1 50 124 f3014dac10b67171
five_colours_50x40 50 40 0 1 100 124 f3014dac10b67171
five_colours_50x40 50 40 1 0 0 122 316712d2982bd088
five_colours_50x40 50 40 1 0 50 118 6b4d138b3092a4ec
five_colours_50x40 50 40 1 0 100 118 6b4d138b3092a4ec
five_colours_50x40 50 40 1 1 0 122 316712d2982bd088
five_colours_50x40 50 40 1 1 50 118 6b4d138b3092a4ec
five_colours_50x40 50 40 1 1 100 118 6b4d138b3092a4ec
five_colours_50x40 50 40 2 0 0 122 316712d2982bd088
five_colours_50x40 50 40 2 0 50 118 6b4d138b3092a4ec
five_colours_50x40 50 40 2 0 100 118 6b4d138b3092a4ec
five_colours_50x40 50 40 2 1 0 122 316712d2982bd088
five_colours_50x40 50 40 2 1 50 118 6b4d138b3092a4ec
five_colours_50x40 50 40 2 1 100 118 6b4d138b3092a4ec
five_colours_50x40 50 40 3 0 0 122 316712d2982bd088
five_colours_50x40 50 40 3 0 50 118 6b4d138b3092a4ec
five_colours_50x40 50 40 3 0 100 118 6b4d138b3092a4ec
five_colours_50x40 50 40 3 1 0 122 316712d2982bd088
five_colours_50x40 50 40 3 1 50 118 6b4d138b3092a4ec
five_colours_50x40 50 40 3 1 100 118 6b4d138b3092a4ec
five_colours_50x40 50 40 4 0 0 130 78cd5e8a48ee83c4
five_colours_50x40 50 40 4 0 50 118 6b4d138b3092a4ec
five_colours_50x40 50 40 4 0 100 118 6b4d138b3092a4ec
five_colours_50x40 50 40 4 1 0 130 78cd5e8a48ee83c4
five_colours_50x40 50 40 4 1 50 118 6b4d138b3092a4ec
five_colours_50x40 50 40 4 1 100 118 6b4d138b3092a4ec
noise_33x17 33 17 0 0 0 1782 337f4d8bcdcd305a
noise_33x17 33 17 0 0 50 1782 337f4d8bcdcd305a
noise_33x17 33 17 0 0 100 1782 337f4d8bcdcd305a
noise_33x17 33 17 0 1 0 1782 337f4d8bcdcd305a
noise_33x17 33 17 0 1 50 1782 337f4d8bcdcd305a
noise_33x17 33 17 0 1 100 1782 337f4d8bcdcd305a
noise_33x17 33 17 1 0 0 1766 b1ac9e51a3f1cafa
noise_33x17 33 17 1 0 50 1766 b1ac9e51a3f1cafa
noise_33x17 33 17 1 0 100 1766 b1ac9e51a3f1cafa
noise_33x17 33 17 1 1 0 1766 b1ac9e51a3f1cafa
noise_33x17 33 17 1 1 50 1766 b1ac9e51a3f1cafa
noise_33x17 33 17 1 1 100 1766 b1ac9e51a3f1cafa
noise_33x17 33 17 2 0 0 1814 5740ed8dd320e8ff
noise_33x17 33 17 2 0 50 1766 b1ac9e51a3f1cafa
noise_33x17 33 17 2 0 100 1766 b1ac9e51a3f1cafa
noise_33x17 33 17 2 1 0 1814 5740ed8dd320e8ff
noise_33x17 33 17 2 1 50 1766 b1ac9e51a3f1cafa
noise_33x17 33 17 2 1 100 1766 b1ac9e51a3f1cafa
noise_33x17 33 17 3 0 0 1766 b1ac9e51a3f1cafa
noise_33x17 33 17 3 0 50 1766 b1ac9e51a3f1cafa
noise_33x17 33 17 3 0 100 1766 b1ac9e51a3f1cafa
noise_33x17 33 17 3 1 0 1766 b1ac9e51a3f1cafa
noise_33x17 33 17 3 1 50 1766 b1ac9e51a3f1cafa
noise_33x17 33 17 3 1 100 1766 b1ac9e51a3f1cafa
noise_33x17 33 17 4 0 0 1766 b1ac9e51a3f1cafa
noise_33x17 33 17 4 0 50 1766 b1ac9e51a3f1cafa
noise_33x17 33 17 4 0 100 1766 b1ac9e51a3f1cafa
noise_33x17 33 17 4 1 0 1766 b1ac9e51a3f1cafa
noise_33x17 33 17 4 1 50 1766 b1ac9e51a3f1cafa
noise_33x17 33 17 4 1 100 1766 b1ac9e51a3f1cafa
noise_alpha_40x30 40 30 0 0 0 4942 37ced0336fc9a83c
noise_alpha_40x30 40 30 0 0 50 4942 37ced0336fc9a83c
noise_alpha_40x30 40 30 0 0 100 4942 37ced0336fc9a83c
noise_alpha_40x30 40 30 0 1 0 4940 52d27efbc3a024fd
noise_alpha_40x30 40 30 0 1 50 4940 52d27efbc3a024fd
noise_alpha_40x30 40 30 0 1 100 4940 52d27efbc3a024fd
noise_alpha_40x30 40 30 1 0 0 4944 e5bdc38f5d640db1
noise_alpha_40x30 40 30 1 0 50 4944 e5bdc38f5d640db1
noise_alpha_40x30 40 30 1 0 100 4944 e5bdc38f5d640db1
noise_alpha_40x30 40 30 1 1 0 4942 211ba55ab548961f
noise_alpha_40x30 40 30 1 1 50 4942 211ba55ab548961f
noise_alpha_40x30 40 30 1 1 100 4942 211ba55ab548961f
noise_alpha_40x30 40 30 2 0 0 5022 3567dfc5b4d6838e
noise_alpha_40x30 40 30 2 0 50 4944 e5bdc38f5d640db1
noise_alpha_40x30 40 30 2 0 100 4944 e5bdc38f5d640db1
noise_alpha_40x30 40 30 2 1 0 5022 b53bf43281be127d
noise_alpha_40x30 40 30 2 1 50 4942 211ba55ab548961f
noise_alpha_40x30 40 30 2 1 100 4942 211ba55ab548961f
noise_alpha_40x30 40 30 3 0 0 4944 e5bdc38f5d640db1
noise_alpha_40x30 40 30 3 0 50 4944 e5bdc38f5d640db1
noise_alpha_40x30 40 30 3 0 100 4944 e5bdc38f5d640db1
noise_alpha_40x30 40 30 3 1 0 4942 211ba55ab548961f
noise_alpha_40x30 40 30 3 1 50 4942 211ba55ab548961f
noise_alpha_40x30 40 30 3 1 100 4942 211ba55ab548961f
noise_alpha_40x30 40 30 4 0 0 4944 e5bdc38f5d640db1
noise_alpha_40x30 40 30 4 0 50 4944 e5bdc38f5d640db1
noise_alpha_40x30 40 30 4 0 100 4944 e5bdc38f5d640db1
noise_alpha_40x30 40 30 4 1 0 4942 211ba55ab548961f
noise_alpha_40x30 40 30 4 1 50 4942 211ba55ab548961f
noise_alpha_40x30 40 30 4 1 100 4942 211ba55ab548961f
colours200_120x120 120 120 0 0 0 11920 279e59031ce07fde
colours200_120x120 120 120 0 0 50 11920 279e59031ce07fde
colours200_120x120 120 120 0 0 100 11920 279e59031ce07fde
colours200_120x120 120 120 0 1 0 11920 279e59031ce07fde
colours200_120x120 120 120 0 1 50 11920 279e59031ce07fde
colours200_120x120 120 120 0 1 100 11920 279e59031ce07fde
colours200_120x120 120 120 1 0 0 12130 1a575834d3b8c2fc
colours200_120x120 120 120 1 0 50 11772 67d30826072bae64
colours200_120x120 120 120 1 0 100 11772 67d30826072bae64
colours200_120x120 120 120 1 1 0 12130 1a575834d3b8c2fc
colours200_120x120 120 120 1 1 50 11772 67d30826072bae64
colours200_120x120 120 120 1 1 100 11772 67d30826072bae64
colours200_120x120 120 120 2 0 0 12130 1a575834d3b8c2fc
colours200_120x120 120 120 2 0 50 11772 67d30826072bae64
colours200_120x120 120 120 2 0 100 11772 67d30826072bae64
colours200_120x120 120 120 2 1 0 12130 1a575834d3b8c2fc
colours200_120x120 120 120 2 1 50 11772 67d30826072bae64
colours200_120x120 120 120 2 1 100 11772 67d30826072bae64
colours200_120x120 120 120 3 0 0 12130 1a575834d3b8c2fc
colours200_120x120 120 120 3 0 50 11772 67d30826072bae64
colours200_120x120 120 120 3 0 100 11772 67d30826072bae64
colours200_120x120 120 120 3 1 0 12130 1a575834d3b8c2fc
colours200_120x120 120 120 3 1 50 11772 67d30826072bae64
colours200_120x120 120 120 3 1 100 11772 67d30826072bae64
colours200_120x120 120 120 4 0 0 12130 1a575834d3b8c2fc
colours200_120x120 120 120 4 0 50 11772 67d30826072bae64
colours200_120x120 120 120 4 0 100 11772 67d30826072bae64
colours200_120x120 120 120 4 1 0 12130 1a575834d3b8c2fc
colours200_120x120 120 120 4 1 50 11772 67d30826072bae64
colours200_120x120 120 120 4 1 100 11772 67d30826072bae64
smooth_96x80 96 80 0 0 0 6228 c7232d4ef19bc5a1
smooth_96x80 96 80 0 0 50 6112 ac0aa3083538a735
smooth_96x80 96 80 0 0 100 6110 7bde50aa78de5181
smooth_96x80 96 80 0 1 0 6228 c7232d4ef19bc5a1
smooth_96x80 96 80 0 1 50 6112 ac0aa3083538a735
smooth_96x80 96 80 0 1 100 6110 7bde50aa78de5181
smooth_96x80 96 80 1 0 0 5552 8ba9aece7e8854aa
smooth_96x80 96 80 1 0 50 4346 3d8025f6c40e458c
smooth_96x80 96 80 1 0 100 4346 3d8025f6c40e458c
smooth_96x80 96 80 1 1 0 5552 8ba9aece7e8854aa
smooth_96x80 96 80 1 1 50 4346 3d8025f6c40e458c
smooth_96x80 96 80 1 1 100 4346 3d8025f6c40e458c
smooth_96x80 96 80 2 0 0 5404 a247799f765a90e0
smooth_96x80 96 80 2 0 50 4358 0640b8d75f519bf4
smooth_96x80 96 80 2 0 100 4358 0640b8d75f519bf4
smooth_96x80 96 80 2 1 0 5404 a247799f765a90e0
smooth_96x80 96 80 2 1 50 4358 0640b8d75f519bf4
smooth_96x80 96 80 2 1 100 4358 0640b8d75f519bf4
smooth_96x80 96 80 3 0 0 5918 3172bb9968d7fb3f
smooth_96x80 96 80 3 0 50 5206 caca3ec5f1b81d84
smooth_96x80 96 80 3 0 100 5206 caca3ec5f1b81d84
smooth_96x80 96 80 3 1 0 5918 3172bb9968d7fb3f
smooth_96x80 96 80 3 1 50 5206 caca3ec5f1b81d84
smooth_96x80 96 80 3 1 100 5206 caca3ec5f1b81d84
smooth_96x80 96 80 4 0 0 5668 6558ac5b92bf0e91
smooth_96x80 96 80 4 0 50 5204 53c9b7f6d0ddf759
smooth_96x80 96 80 4 0 100 5204 53c9b7f6d0ddf759
smooth_96x80 96 80 4 1 0 5668 6558ac5b92bf0e91
smooth_96x80 96 80 4 1 50 5204 53c9b7f6d0ddf759
smooth_96x80 96 80 4 1 100 5204 53c9b7f6d0ddf759
alpha_ramp_64x8 64 8 0 0 0 120 87352e844b2d1656
alpha_ramp_64x8 64 8 0 0 50 120 87352e844b2d1656
alpha_ramp_64x8 64 8 0 0 100 120 87352e844b2d1656
alpha_ramp_64x8 64 8 0 1 0 120 461eb043c97c814a
alpha_ramp_64x8 64 8 0 1 50 120 461eb043c97c814a
alpha_ramp_64x8 64 8 0 1 100 120 461eb043c97c814a
alpha_ramp_64x8 64 8 1 0 0 64 8482e29b7cc3802b
alpha_ramp_64x8 64 8 1 0 50 64 8482e29b7cc3802b
alpha_ramp_64x8 64 8 1 0 100 64 8482e29b7cc3802b
alpha_ramp_64x8 64 8 1 1 0 64 77e9085b101d1526
alpha_ramp_64x8 64 8 1 1 50 64 77e9085b101d1526
alpha_ramp_64x8 64 8 1 1 100 64 77e9085b101d1526
alpha_ramp_64x8 64 8 2 0 0 64 8482e29b7cc3802b
alpha_ramp_64x8 64 8 2 0 50 64 8482e29b7cc3802b
alpha_ramp_64x8 64 8 2 0 100 64 8482e29b7cc3802b
alpha_ramp_64x8 64 8 2 1 0 64 77e9085b101d1526
alpha_ramp_64x8 64 8 2 1 50 64 77e9085b101d1526
alpha_ramp_64x8 64 8 2 1 100 64 77e9085b101d1526
alpha_ramp_64x8 64 8 3 0 0 64 8482e29b7cc3802b
alpha_ramp_64x8 64 8 3 0 50 64 8482e29b7cc3802b
alpha_ramp_64x8 64 8 3 0 100 64 8482e29b7cc3802b
alpha_ramp_64x8 64 8 3 1 0 64 77e9085b101d1526
alpha_ramp_64x8 64 8 3 1 50 64 77e9085b101d1526
alpha_ramp_64x8 64 8 3 1 100 64 77e9085b101d1526
alpha_ramp_64x8 64 8 4 0 0 82 f8535cc004f5ec66
alpha_ramp_64x8 64 8 4 0 50 64 958f6d4f128fcad3
alpha_ramp_64x8 64 8 4 0 100 64 958f6d4f128fcad3
alpha_ramp_64x8 64 8 4 1 0 70 07d5ced20e09bea8
alpha_ramp_64x8 64 8 4 1 50 64 ed9914902a34440e
alpha_ramp_64x8 64 8 4 1 100 64 ed9914902a34440e
two_colours_41x23 41 23 0 0 0 66 0c58ea173f60b6bc
two_colours_41x23 41 23 0 0 50 66 0c58ea173f60b6bc
two_colours_41x23 41 23 0 0 100 66 0c58ea173f60b6bc
two_colours_41x23 41 23 0 1 0 68 202ddde0df021c02
two_colours_41x23 41 23 0 1 50 68 202ddde0df021c02
two_colours_41x23 41 23 0 1 100 68 202ddde0df021c02
two_colours_41x23 41 23 1 0 0 66 0c58ea173f60b6bc
two_colours_41x23 41 23 1 0 50 66 0c58ea173f60b6bc
two_colours_41x23 41 23 1 0 100 66 0c58ea173f60b6bc
two_colours_41x23 41 23 1 1 0 68 202ddde0df021c02
two_colours_41x23 41 23 1 1 50 68 202ddde0df021c02
two_colours_41x23 41 23 1 1 100 68 202ddde0df021c02
two_colours_41x23 41 23 2 0 0 66 0c58ea173f60b6bc
two_colours_41x23 41 23 2 0 50 66 0c58ea173f60b6bc
two_colours_41x23 41 23 2 0 100 66 0c58ea173f60b6bc
two_colours_41x23 41 23 2 1 0 68 202ddde0df021c02
two_colours_41x23 41 23 2 1 50 68 202ddde0df021c02
two_colours_41x23 41 23 2 1 100 68 202ddde0df021c02
two_colours_41x23 41 23 3 0 0 66 0c58ea173f60b6bc
two_colours_41x23 41 23 3 0 50 66 0c58ea173f60b6bc
two_colours_41x23 41 23 3 0 100 66 0c58ea173f60b6bc
two_colours_41x23 41 23 3 1 0 68 202ddde0df021c02
two_colours_41x23 41 23 3 1 50 68 202ddde0df021c02
two_colours_41x23 41 23 3 1 100 68 202ddde0df021c02
two_colours_41x23 41 23 4 0 0 66 0c58ea173f60b6bc
two_colours_41x23 41 23 4 0 50 66 0c58ea173f60b6bc
two_colours_41x23 41 23 4 0 100 66 0c58ea173f60b6bc
two_colours_41x23 41 23 4 1 0 68 202ddde0df021c02
two_colours_41x23 41 23 4 1 50 68 202ddde0df021c02
two_colours_41x23 41 23 4 1 100 68 202ddde0df021c02
photo_64x48 64 48 0 0 0 5892 55029861275932ff
photo_64x48 64 48 0 0 50 5892 55029861275932ff
photo_64x48 64 48 0 0 100 5892 55029861275932ff
photo_64x48 64 48 0 1 0 5892 55029861275932ff
photo_64x48 64 48 0 1 50 5892 55029861275932ff
photo_64x48 64 48 0 1 100 5892 55029861275932ff
photo_64x48 64 48 1 0 0 5740 0e615444bd77143e
photo_64x48 64 48 1 0 50 5742 32102cfbd895ce9d
photo_64x48 64 48 1 0 100 5740 8e5a8c2ee4fe6b2f
photo_64x48 64 48 1 1 0 5740 0e615444bd77143e
photo_64x48 64 48 1 1 50 5742 32102cfbd895ce9d
photo_64x48 64 48 1 1 100 5740 8e5a8c2ee4fe6b2f
photo_64x48 64 48 2 0 0 5796 eb64cae31d1df52d
photo_64x48 64 48 2 0 50 5806 3e347fcb9a44e934
photo_64x48 64 48 2 0 100 5764 bea861c96f2695e8
photo_64x48 64 48 2 1 0 5796 eb64cae31d1df52d
photo_64x48 64 48 2 1 50 5806 3e347fcb9a44e934
photo_64x48 64 48 2 1 100 5764 bea861c96f2695e8
photo_64x48 64 48 3 0 0 5754 47b6a44b14fc2b08
photo_64x48 64 48 3 0 50 5764 dd795d55c0fbc40a
photo_64x48 64 48 3 0 100 5774 ed46c8560a9e7140
photo_64x48 64 48 3 1 0 5754 47b6a44b14fc2b08
photo_64x48 64 48 3 1 50 5764 dd795d55c0fbc40a
photo_64x48 64 48 3 1 100 5774 ed46c8560a9e7140
photo_64x48 64 48 4 0 0 5812 ae076290d00ba310
photo_64x48 64 48 4 0 50 5828 daa9dce9f79fc576
photo_64x48 64 48 4 0 100 5818 45744a1462b918d8
photo_64x48 64 48 4 1 0 5812 ae076290d00ba310
photo_64x48 64 48 4 1 50 5828 daa9dce9f79fc576
photo_64x48 64 48 4 1 100 5818 45744a1462b918d8
pixel_1x1 1 1 0 0 0 34 ca2772b08d29a795
pixel_1x1 1 1 0 0 50 34 ca2772b08d29a795
pixel_1x1 1 1 0 0 100 34 ca2772b08d29a795
pixel_1x1 1 1 0 1 0 34 ca2772b08d29a795
pixel_1x1 1 1 0 1 50 34 ca2772b08d29a795
pixel_1x1 1 1 0 1 100 34 ca2772b08d29a795
pixel_1x1 1 1 1 0 0 34 ca2772b08d29a795
pixel_1x1 1 1 1 0 50 34 ca2772b08d29a795
pixel_1x1 1 1 1 0 100 34 ca2772b08d29a795
pixel_1x1 1 1 1 1 0 34 ca2772b08d29a795
pixel_1x1 1 1 1 1 50 34 ca2772b08d29a795
pixel_1x1 1 1 1 1 100 34 ca2772b08d29a795
pixel_1x1 1 1 2 0 0 34 ca2772b08d29a795
pixel_1x1 1 1 2 0 50 34 ca2772b08d29a795
pixel_1x1 1 1 2 0 100 34 ca2772b08d29a795
pixel_1x1 1 1 2 1 0 34 ca2772b08d29a795
pixel_1x1 1 1 2 1 50 34 ca2772b08d29a795
pixel_1x1 1 1 2 1 100 34 ca2772b08d29a795
pixel_1x1 1 1 3 0 0 34 ca2772b08d29a795
pixel_1x1 1 1 3 0 50 34 ca2772b08d29a795
pixel_1x1 1 1 3 0 100 34 ca2772b08d29a795
pixel_1x1 1 1 3 1 0 34 ca2772b08d29a795
pixel_1x1 1 1 3 1 50 34 ca2772b08d29a795
pixel_1x1 1 1 3 1 100 34 ca2772b08d29a795
pixel_1x1 1 1 4 0 0 34 ca2772b08d29a795
pixel_1x1 1 1 4 0 50 34 ca2772b08d29a795
pixel_1x1 1 1 4 0 100 34 ca2772b08d29a795
pixel_1x1 1 1 4 1 0 34 ca2772b08d29a795
pixel_1x1 1 1 4 1 50 34 ca2772b08d29a795
pixel_1x1 1 1 4 1 100 34 ca2772b08d29a795
row_2x1 2 1 0 0 0 42 940e5644b227d8ba
row_2x1 2 1 0 0 50 42 940e5644b227d8ba
row_2x1 2 1 0 0 100 42 940e5644b227d8ba
row_2x1 2 1 0 1 0 42 940e5644b227d8ba
row_2x1 2 1 0 1 50 42 940e5644b227d8ba
row_2x1 2 1 0 1 100 42 940e5644b227d8ba
row_2x1 2 1 1 0 0 42 940e5644b227d8ba
row_2x1 2 1 1 0 50 42 940e5644b227d8ba
row_2x1 2 1 1 0 100 42 940e5644b227d8ba
row_2x1 2 1 1 1 0 42 940e5644b227d8ba
row_2x1 2 1 1 1 50 42 940e5644b227d8ba
row_2x1 2 1 1 1 100 42 940e5644b227d8ba
row_2x1 2 1 2 0 0 42 940e5644b227d8ba
row_2x1 2 1 2 0 50 42 940e5644b227d8ba
row_2x1 2 1 2 0 100 42 940e5644b227d8ba
row_2x1 2 1 2 1 0 42 940e5644b227d8ba
row_2x1 2 1 2 1 50 42 940e5644b227d8ba
row_2x1 2 1 2 1 100 42 940e5644b227d8ba
row_2x1 2 1 3 0 0 42 940e5644b227d8ba
row_2x1 2 1 3 0 50 42 940e5644b227d8ba
row_2x1 2 1 3 0 100 42 940e5644b227d8ba
row_2x1 2 1 3 1 0 42 940e5644b227d8ba
row_2x1 2 1 3 1 50 42 940e5644b227d8ba
row_2x1 2 1 3 1 100 42 940e5644b227d8ba
row_2x1 2 1 4 0 0 42 940e5644b227d8ba
row_2x1 2 1 4 0 50 42 940e5644b227d8ba
row_2x1 2 1 4 0 100 42 940e5644b227d8ba
row_2x1 2 1 4 1 0 42 940e5644b227d8ba
row_2x1 2 1 4 1 50 42 940e5644b227d8ba
row_2x1 2 1 4 1 100 42 940e5644b227d8ba
column_1x5 1 5 0 0 0 40 57c76fb6f674f2e4
column_1x5 1 5 0 0 50 40 57c76fb6f674f2e4
column_1x5 1 5 0 0 100 40 57c76fb6f674f2e4
column_1x5 1 5 0 1 0 40 57c76fb6f674f2e4
column_1x5 1 5 0 1 50 40 57c76fb6f674f2e4
column_1x5 1 5 0 1 100 40 57c76fb6f674f2e4
column_1x5 1 5 1 0 0 40 57c76fb6f674f2e4
column_1x5 1 5 1 0 50 40 57c76fb6f674f2e4
column_1x5 1 5 1 0 100 40 57c76fb6f674f2e4
column_1x5 1 5 1 1 0 40 57c76fb6f674f2e4
column_1x5 1 5 1 1 50 40 57c76fb6f674f2e4
column_1x5 1 5 1 1 100 40 57c76fb6f674f2e4
column_1x5 1 5 2 0 0 40 57c76fb6f674f2e4
column_1x5 1 5 2 0 50 40 57c76fb6f674f2e4
column_1x5 1 5 2 0 100 40 57c76fb6f674f2e4
column_1x5 1 5 2 1 0 40 57c76fb6f674f2e4
column_1x5 1 5 2 1 50 40 57c76fb6f674f2e4
column_1x5 1 5 2 1 100 40 57c76fb6f674f2e4
column_1x5 1 5 3 0 0 40 57c76fb6f674f2e4
column_1x5 1 5 3 0 50 40 57c76fb6f674f2e4
column_1x5 1 5 3 0 100 40 57c76fb6f674f2e4
column_1x5 1 5 3 1 0 40 57c76fb6f674f2e4
column_1x5 1 5 3 1 50 40 57c76fb6f674f2e4
column_1x5 1 5 3 1 100 40 57c76fb6f674f2e4
column_1x5 1 5 4 0 0 40 57c76fb6f674f2e4
column_1x5 1 5 4 0 50 40 57c76fb6f674f2e4
column_1x5 1 5 4 0 100 40 57c76fb6f674f2e4
column_1x5 1 5 4 1 0 40 57c76fb6f674f2e4
column_1x5 1 5 4 1 50 40 57c76fb6f674f2e4
column_1x5 1 5 4 1 100 40 57c76fb6f674f2e4
gradient_300x200 300 200 0 0 0 47822 642dcd2e25ddb500
gradient_300x200 300 200 0 0 50 46420 008f3a0794d8a3b9
gradient_300x200 300 200 0 0 100 45984 c4214aca47b2135f
gradient_300x200 300 200 0 1 0 47822 642dcd2e25ddb500
gradient_300x200 300 200 0 1 50 46420 008f3a0794d8a3b9
gradient_300x200 300 200 0 1 100 45984 c4214aca47b2135f
gradient_300x200 300 200 1 0 0 36686 c9ac18857bebca25
gradient_300x200 300 200 1 0 50 29962 d3979f01a3d763e8
gradient_300x200 300 200 1 0 100 29962 d3979f01a3d763e8
gradient_300x200 300 200 1 1 0 36686 c9ac18857bebca25
gradient_300x200 300 200 1 1 50 29962 d3979f01a3d763e8
gradient_300x200 300 200 1 1 100 29962 d3979f01a3d763e8
gradient_300x200 300 200 2 0 0 35712 8451622a21b93d85
gradient_300x200 300 200 2 0 50 29938 f2ac4f61e82b2838
gradient_300x200 300 200 2 0 100 29938 f2ac4f61e82b2838
gradient_300x200 300 200 2 1 0 35712 8451622a21b93d85
gradient_300x200 300 200 2 1 50 29938 f2ac4f61e82b2838
gradient_300x200 300 200 2 1 100 29938 f2ac4f61e82b2838
gradient_300x200 300 200 3 0 0 35236 d7877419afda1beb
gradient_300x200 300 200 3 0 50 29936 f6de2d37921f3477
gradient_300x200 300 200 3 0 100 29878 4d5f7074539cd3bb
gradient_300x200 300 200 3 1 0 35236 d7877419afda1beb
gradient_300x200 300 200 3 1 50 29936 f6de2d37921f3477
gradient_300x200 300 200 3 1 100 29878 4d5f7074539cd3bb
gradient_300x200 300 200 4 0 0 35016 70706b45c0ee391d
gradient_300x200 300 200 4 0 50 29890 8f2739e7f2b04c4c
gradient_300x200 300 200 4 0 100 29818 d83e2d44ece899db
gradient_300x200 300 200 4 1 0 35016 70706b45c0ee391d
gradient_300x200 300 200 4 1 50 29890 8f2739e7f2b04c4c
gradient_300x200 300 200 4 1 100 29818 d83e2d44ece899db
